
=== лексика (фон: loo), абзацев 3783, эталонных 46 ===
нормировка        r(len) rho(len)    AUC     AP   r@50  r@100  r@200  мед.ранг
raw                0.454    0.541  0.818  0.071   0.13   0.17   0.28       431
zbin5              0.099    0.086  0.689  0.022   0.02   0.02   0.09       982
zbin10             0.063    0.023  0.658  0.023   0.02   0.04   0.13       998
zbin20             0.044    0.011  0.615  0.022   0.04   0.07   0.15      1021
zbin40             0.028    0.003  0.606  0.022   0.04   0.07   0.15      1087
zbin80            -0.008    0.001  0.604  0.021   0.02   0.04   0.11      1054
zbin160           -0.025    0.003  0.606  0.021   0.02   0.07   0.13      1039
zbin320           -0.041    0.006  0.586  0.021   0.00   0.04   0.15      1070
zbin10_robust     -0.108    0.003  0.590  0.027   0.04   0.07   0.07       912
zbin40_robust     -0.108   -0.028  0.582  0.031   0.04   0.04   0.07       932
zbin160_robust    -0.105   -0.026  0.530  0.029   0.04   0.04   0.07       965
zknn25            -0.016    0.003  0.585  0.021   0.04   0.04   0.15      1010
zknn50            -0.011    0.003  0.612  0.022   0.02   0.04   0.15      1026
zknn100            0.036    0.012  0.615  0.022   0.04   0.07   0.13      1056
zknn200            0.053    0.025  0.626  0.022   0.04   0.07   0.11      1016
zknn400            0.079    0.059  0.667  0.023   0.02   0.04   0.11       977
rankknn50          0.028   -0.112  0.600  0.032   0.07   0.09   0.20       903
rankknn100         0.045   -0.114  0.604  0.039   0.09   0.11   0.15       994
rankknn200         0.062   -0.114  0.619  0.043   0.09   0.13   0.15       924
rankknn400         0.105   -0.103  0.645  0.034   0.09   0.15   0.15       882
reg_lin            0.029    0.019  0.614  0.021   0.04   0.07   0.07      1356
reg_lin_het        0.020   -0.010  0.608  0.020   0.02   0.04   0.07      1499
reg_quad          -0.059    0.004  0.552  0.019   0.04   0.07   0.07      1314
reg_quad_het      -0.513   -0.119  0.514  0.014   0.02   0.02   0.04      1369
reg_cub_het        0.069    0.095  0.593  0.042   0.07   0.07   0.13      1105
reg_iso           -0.005    0.005  0.609  0.021   0.04   0.07   0.07      1142
reg_iso_het       -0.003    0.068  0.634  0.018   0.02   0.02   0.07      1142

=== лексика (фон: exclude-gold), абзацев 3783, эталонных 46 ===
нормировка        r(len) rho(len)    AUC     AP   r@50  r@100  r@200  мед.ранг
raw                0.454    0.541  0.818  0.071   0.13   0.17   0.28       431
zbin5              0.103    0.095  0.695  0.023   0.02   0.02   0.09       982
zbin10             0.067    0.026  0.662  0.023   0.02   0.04   0.13       988
zbin20             0.050    0.014  0.617  0.023   0.04   0.07   0.15      1008
zbin40             0.037    0.006  0.609  0.022   0.04   0.07   0.15      1062
zbin80            -0.008    0.003  0.608  0.022   0.02   0.07   0.13      1060
zbin160           -0.025    0.005  0.606  0.021   0.02   0.04   0.13      1016
zbin320           -0.041    0.007  0.586  0.022   0.00   0.07   0.15      1060
zbin10_robust     -0.108    0.012  0.602  0.028   0.04   0.07   0.07       916
zbin40_robust     -0.108   -0.018  0.583  0.031   0.04   0.04   0.07       930
zbin160_robust    -0.105   -0.023  0.529  0.029   0.04   0.04   0.07       934
zknn25            -0.016    0.005  0.594  0.022   0.04   0.07   0.15      1017
zknn50            -0.011    0.005  0.618  0.023   0.02   0.07   0.15      1010
zknn100            0.045    0.014  0.618  0.023   0.04   0.07   0.13      1030
zknn200            0.059    0.027  0.628  0.022   0.04   0.07   0.13      1009
zknn400            0.083    0.062  0.668  0.023   0.02   0.04   0.13       974
rankknn50          0.036   -0.111  0.603  0.033   0.07   0.11   0.20       898
rankknn100         0.051   -0.111  0.606  0.040   0.09   0.11   0.15       987
rankknn200         0.065   -0.109  0.620  0.042   0.09   0.15   0.15       934
rankknn400         0.111   -0.096  0.649  0.034   0.13   0.15   0.15       885
reg_lin            0.032    0.023  0.616  0.021   0.04   0.07   0.07      1355
reg_lin_het        0.022   -0.010  0.608  0.019   0.02   0.04   0.07      1500
reg_quad          -0.069   -0.000  0.547  0.019   0.04   0.07   0.07      1318
reg_quad_het      -0.550   -0.123  0.507  0.014   0.02   0.02   0.04      1370
reg_cub_het        0.093    0.105  0.592  0.045   0.07   0.09   0.15      1104
reg_iso           -0.003    0.007  0.612  0.022   0.04   0.07   0.07      1110
reg_iso_het       -0.003    0.073  0.636  0.018   0.02   0.02   0.07      1110

=== синтаксис (фон: loo), абзацев 3783, эталонных 46 ===
нормировка        r(len) rho(len)    AUC     AP   r@50  r@100  r@200  мед.ранг
raw                0.437    0.750  0.839  0.085   0.17   0.20   0.30       393
zbin5              0.110    0.100  0.639  0.031   0.09   0.11   0.13      1308
zbin10             0.100    0.044  0.608  0.047   0.11   0.11   0.15      1448
zbin20             0.063    0.029  0.596  0.032   0.09   0.11   0.11      1500
zbin40             0.041    0.019  0.576  0.025   0.07   0.09   0.13      1524
zbin80            -0.008    0.013  0.593  0.027   0.07   0.07   0.13      1482
zbin160           -0.008    0.001  0.592  0.029   0.07   0.07   0.07      1564
zbin320           -0.013    0.001  0.588  0.027   0.04   0.09   0.11      1586
zbin10_robust     -0.071   -0.018  0.639  0.021   0.00   0.04   0.11      1063
zbin40_robust     -0.097   -0.090  0.585  0.016   0.00   0.00   0.04      1266
zbin160_robust    -0.089   -0.062  0.591  0.017   0.00   0.00   0.09      1210
zknn25            -0.008    0.005  0.590  0.028   0.07   0.11   0.11      1473
zknn50            -0.008    0.012  0.593  0.029   0.07   0.07   0.11      1584
zknn100            0.051    0.031  0.601  0.032   0.09   0.11   0.13      1488
zknn200            0.071    0.042  0.603  0.033   0.09   0.11   0.11      1501
zknn400            0.123    0.077  0.627  0.046   0.11   0.11   0.17      1412
rankknn50          0.030   -0.000  0.613  0.027   0.04   0.09   0.11      1265
rankknn100         0.050    0.005  0.619  0.029   0.04   0.11   0.11      1178
rankknn200         0.069    0.010  0.626  0.036   0.07   0.09   0.11      1178
rankknn400         0.110    0.041  0.643  0.041   0.09   0.09   0.15      1192
reg_lin           -0.000   -0.016  0.572  0.026   0.07   0.09   0.11      1549
reg_lin_het       -0.001   -0.015  0.571  0.026   0.07   0.09   0.11      1550
reg_quad           0.019   -0.023  0.582  0.029   0.07   0.11   0.11      1563
reg_quad_het       0.075   -0.025  0.579  0.039   0.09   0.11   0.13      1592
reg_cub_het       -0.005   -0.033  0.578  0.022   0.04   0.07   0.09      1557
reg_iso           -0.005   -0.023  0.585  0.022   0.04   0.07   0.07      1524
reg_iso_het       -0.004    0.013  0.587  0.021   0.04   0.04   0.07      1524

=== синтаксис (фон: exclude-gold), абзацев 3783, эталонных 46 ===
нормировка        r(len) rho(len)    AUC     AP   r@50  r@100  r@200  мед.ранг
raw                0.437    0.750  0.839  0.085   0.17   0.20   0.30       393
zbin5              0.113    0.102  0.644  0.031   0.09   0.11   0.13      1292
zbin10             0.112    0.046  0.618  0.049   0.11   0.11   0.17      1405
zbin20             0.079    0.034  0.602  0.037   0.09   0.11   0.13      1496
zbin40             0.059    0.024  0.588  0.030   0.09   0.09   0.13      1544
zbin80            -0.008    0.019  0.604  0.032   0.07   0.09   0.15      1382
zbin160           -0.008    0.008  0.609  0.034   0.07   0.11   0.11      1442
zbin320           -0.013    0.008  0.608  0.029   0.07   0.07   0.11      1408
zbin10_robust     -0.071   -0.008  0.642  0.021   0.00   0.04   0.13      1028
zbin40_robust     -0.097   -0.085  0.588  0.016   0.00   0.00   0.04      1248
zbin160_robust    -0.089   -0.054  0.599  0.017   0.00   0.00   0.09      1146
zknn25            -0.008    0.011  0.607  0.033   0.07   0.11   0.13      1344
zknn50            -0.008    0.018  0.604  0.033   0.07   0.09   0.15      1424
zknn100            0.071    0.035  0.609  0.038   0.09   0.13   0.15      1444
zknn200            0.085    0.044  0.608  0.037   0.09   0.11   0.13      1504
zknn400            0.135    0.076  0.633  0.049   0.11   0.11   0.20      1357
rankknn50          0.044    0.006  0.620  0.043   0.04   0.09   0.11      1214
rankknn100         0.060    0.011  0.625  0.044   0.09   0.09   0.11      1176
rankknn200         0.076    0.016  0.631  0.039   0.09   0.09   0.13      1182
rankknn400         0.116    0.047  0.647  0.044   0.09   0.09   0.20      1168
reg_lin            0.004   -0.006  0.576  0.026   0.07   0.09   0.11      1538
reg_lin_het        0.005   -0.007  0.575  0.027   0.07   0.09   0.11      1538
reg_quad           0.033   -0.013  0.592  0.030   0.07   0.09   0.11      1522
reg_quad_het       0.272   -0.019  0.587  0.065   0.11   0.11   0.20      1540
reg_cub_het        0.018   -0.021  0.589  0.025   0.04   0.07   0.13      1546
reg_iso            0.026   -0.015  0.596  0.030   0.07   0.09   0.11      1465
reg_iso_het        0.016    0.020  0.599  0.024   0.04   0.07   0.09      1465

=== семантика (фон: loo), абзацев 3783, эталонных 46 ===
нормировка        r(len) rho(len)    AUC     AP   r@50  r@100  r@200  мед.ранг
raw                0.269    0.398  0.759  0.036   0.02   0.07   0.22       556
zbin5              0.118    0.023  0.645  0.031   0.04   0.15   0.17       860
zbin10             0.074    0.002  0.618  0.029   0.04   0.11   0.17      1052
zbin20             0.053    0.002  0.603  0.028   0.04   0.07   0.15      1222
zbin40             0.031    0.001  0.592  0.024   0.04   0.04   0.09      1212
zbin80             0.016   -0.001  0.589  0.021   0.04   0.07   0.07      1048
zbin160            0.010   -0.002  0.582  0.022   0.04   0.07   0.09      1212
zbin320            0.001    0.001  0.578  0.018   0.04   0.04   0.07      1444
zbin10_robust      0.062    0.004  0.609  0.026   0.04   0.07   0.15      1124
zbin40_robust      0.025    0.009  0.582  0.022   0.04   0.04   0.07      1272
zbin160_robust     0.005    0.001  0.584  0.028   0.02   0.04   0.04      1190
zknn25             0.017    0.001  0.586  0.022   0.04   0.07   0.09      1214
zknn50             0.022    0.003  0.591  0.023   0.04   0.07   0.09      1162
zknn100            0.040    0.007  0.597  0.025   0.04   0.07   0.09      1164
zknn200            0.059    0.011  0.608  0.028   0.04   0.07   0.17      1088
zknn400            0.086    0.025  0.623  0.030   0.04   0.13   0.17      1074
rankknn50          0.022    0.003  0.584  0.026   0.07   0.07   0.09      1266
rankknn100         0.041    0.008  0.591  0.022   0.04   0.07   0.07      1207
rankknn200         0.055    0.013  0.604  0.027   0.04   0.07   0.15      1117
rankknn400         0.079    0.027  0.618  0.035   0.07   0.15   0.17      1074
reg_lin            0.010   -0.028  0.574  0.014   0.00   0.02   0.04      1424
reg_lin_het        0.036    0.006  0.623  0.087   0.17   0.26   0.35       866
reg_quad           0.001   -0.030  0.564  0.014   0.00   0.02   0.04      1504
reg_quad_het       0.016   -0.002  0.589  0.026   0.04   0.04   0.11      1346
reg_cub_het       -0.162    0.007  0.565  0.022   0.04   0.04   0.07      1456
reg_iso           -0.003   -0.015  0.554  0.013   0.00   0.02   0.02      1530
reg_iso_het       -0.003   -0.015  0.554  0.013   0.00   0.02   0.02      1530

=== семантика (фон: exclude-gold), абзацев 3783, эталонных 46 ===
нормировка        r(len) rho(len)    AUC     AP   r@50  r@100  r@200  мед.ранг
raw                0.269    0.398  0.759  0.036   0.02   0.07   0.22       556
zbin5              0.127    0.034  0.651  0.032   0.04   0.15   0.20       824
zbin10             0.084    0.012  0.623  0.030   0.04   0.13   0.17      1019
zbin20             0.064    0.010  0.609  0.029   0.04   0.11   0.15      1156
zbin40             0.043    0.008  0.599  0.024   0.04   0.04   0.13      1134
zbin80             0.028    0.006  0.595  0.022   0.04   0.07   0.07      1012
zbin160            0.026    0.005  0.593  0.023   0.02   0.07   0.09      1152
zbin320            0.015    0.007  0.589  0.019   0.04   0.04   0.07      1424
zbin10_robust      0.080    0.019  0.619  0.029   0.04   0.11   0.17      1080
zbin40_robust      0.033    0.015  0.588  0.021   0.04   0.04   0.07      1220
zbin160_robust     0.026    0.011  0.609  0.035   0.04   0.07   0.11      1131
zknn25             0.030    0.006  0.591  0.023   0.04   0.07   0.09      1192
zknn50             0.032    0.009  0.596  0.024   0.04   0.07   0.09      1078
zknn100            0.051    0.014  0.603  0.026   0.04   0.07   0.13      1101
zknn200            0.068    0.018  0.612  0.029   0.04   0.11   0.15      1050
zknn400            0.095    0.033  0.628  0.031   0.04   0.15   0.17      1038
rankknn50          0.032    0.009  0.590  0.026   0.07   0.07   0.07      1174
rankknn100         0.051    0.014  0.596  0.023   0.04   0.04   0.07      1122
rankknn200         0.063    0.019  0.608  0.028   0.04   0.07   0.15      1064
rankknn400         0.086    0.033  0.622  0.035   0.07   0.15   0.17      1055
reg_lin            0.013   -0.023  0.576  0.014   0.00   0.02   0.04      1413
reg_lin_het        0.060    0.016  0.630  0.084   0.17   0.26   0.35       774
reg_quad           0.005   -0.026  0.567  0.014   0.00   0.02   0.04      1480
reg_quad_het       0.022    0.004  0.592  0.026   0.04   0.04   0.09      1332
reg_cub_het       -0.202    0.013  0.559  0.022   0.04   0.04   0.07      1478
reg_iso            0.000   -0.011  0.559  0.014   0.00   0.02   0.02      1418
reg_iso_het        0.000   -0.011  0.559  0.014   0.00   0.02   0.02      1418

-> reports/length_normalization.tsv
